1000000500
0100000500
0010000500
0001000500
0000100500
0000010500
1000000500
0100000500
0010000500
0001000500
0000100500
0000010500
1000000500
0100000500
0010000500
0001000500
0000100500
0000010500
1000000500
0100000500
0010000500
0001000500
0000100500
0000010500
1000000500
0100000500
0010000500
0001000500
0000100500
0000010500
1000000500
0100000500
0010000500
0001000500
0000100500
0000010500
1000000500
0100000500
0010000500
0001000500
0000100500
0000010500
1000000500
0100000500
0010000500
0001000500
0000100500
0000010500